id,antelope_duiker,bird,blank,civet_genet,hog,leopard,monkey_prosimian,rodent
ZJ016490,0.11231809675340719,0.09449196427326541,0.18708401608260794,0.1591252967426697,0.13009951744760134,0.0982362118215483,0.08249605582323782,0.1361488410556623
ZJ016494,0.17828403037550067,0.08546546820721342,0.22929140775501994,0.055678783789653734,0.0819083997479268,0.0786538165904579,0.19792923676767274,0.09278885676655478
ZJ016504,0.1531551870447406,0.1295206633048534,0.23500013100301856,0.07867324678218435,0.10044012599020623,0.08028873269190939,0.12493949698887628,0.09798241619421119
ZJ016505,0.14961097227953735,0.11617345017648459,0.24632294697201176,0.07967911361016485,0.09219994396805593,0.10136534602645333,0.09638569924798095,0.11826252771931128
ZJ016508,0.12989730928125628,0.06665527597975678,0.27214010370056096,0.11568657905228616,0.07172366409603483,0.059683187591226455,0.06810552213674577,0.21610835816213272
ZJ016511,0.1663509645728888,0.07788144157754649,0.2612095315736314,0.06742453619179783,0.09643328399265348,0.09343907866398093,0.09354236682371413,0.1437187966037871
ZJ016514,0.12724930531848797,0.09150477107028092,0.16216787086306322,0.15384123788644885,0.14343160250917805,0.08873763865750502,0.09260229949583786,0.14046527419919805
ZJ016515,0.09058257294776945,0.09028625164516375,0.12459606077103433,0.0693620818101569,0.08890244478926879,0.3753632248218289,0.08581332312770472,0.07509404008707314
ZJ016517,0.1359018616663011,0.14748036314226834,0.19932387641723642,0.08500748293290074,0.09280472385672434,0.11576332562576559,0.10848652767028827,0.11523183868851528
ZJ016519,0.13048453322014075,0.09755294336720081,0.23829153415577828,0.10282672824746526,0.12849115462263394,0.10723328421992694,0.08998165502818238,0.10513816713867154
ZJ016521,0.15521900135205574,0.11249306842869317,0.2668595152827921,0.0591468013337824,0.07316068393314758,0.10016443786300545,0.14274163883202654,0.09021485297449694
ZJ016524,0.1318357376170312,0.06829450295919497,0.25796621021640664,0.12004413298188202,0.08897957801691421,0.10422616116268041,0.07153801027019156,0.15711566677569905
ZJ016530,0.16490995609439754,0.10141122995178409,0.18080995528600038,0.07076860057602873,0.12078915981161295,0.1767872898267449,0.10511628745257558,0.07940752100085573
ZJ016531,0.1176898238570736,0.06517507873054157,0.23387095427207594,0.13567360368535228,0.09874026105486938,0.12960636393370314,0.06747454914892491,0.15176936531745902
ZJ016534,0.10572366737007649,0.07327135638889569,0.20847160849182997,0.14933981852891806,0.08753342304132807,0.09229138303665105,0.06456687799395404,0.21880186514834665
ZJ016536,0.17453431141598597,0.1043873276514379,0.21544249324263356,0.07285726621070886,0.11186172536169321,0.10642461345717903,0.12114743816757961,0.09334482449278173
ZJ016537,0.2253807135713913,0.09788578977081978,0.1087111531178919,0.07400297753268409,0.13364858326623275,0.12306406232637004,0.14304417933958857,0.0942625410750215
ZJ016539,0.1597197199548529,0.09058165606495651,0.24507248318986444,0.06840136788154273,0.0779413154261738,0.07635213733429497,0.1007809045543511,0.18115041559396367
ZJ016541,0.1524005215216773,0.1016188263684178,0.2557049812476834,0.06216828252666889,0.10374461970574884,0.12828763860604403,0.11199573612678516,0.0840793938969745
ZJ016542,0.1286082514258962,0.08091298875686459,0.1973106045744218,0.14767406113398626,0.08682164240310898,0.0920157646796774,0.06782972205995351,0.19882696496609126
ZJ016545,0.12929541812480078,0.09581692669451031,0.23809209966339628,0.07334559888630812,0.08687195306655711,0.15247197979693805,0.1433299658149722,0.08077605795251727
ZJ016547,0.10713307592658416,0.07410210986598256,0.3068754480341306,0.09606636170784974,0.07009770093977893,0.17288650502522956,0.06747752114863438,0.10536127735181025
ZJ016549,0.17520659062829172,0.11510656213538856,0.26028163083038963,0.0623662410616493,0.06571063109046348,0.1125228940973138,0.14291544551359417,0.06589000464290935
ZJ016552,0.1448384780103039,0.10106148051161641,0.21359024828741188,0.09073364027218404,0.11605857080083122,0.09481247887086965,0.16971134685581643,0.0691937563909664
ZJ016553,0.14560902007599902,0.09401157906248707,0.2527686608597619,0.05997192752662292,0.07876736287230474,0.10498982030853779,0.15418060612019188,0.10970102317409465
ZJ016557,0.13974906581854615,0.1843404578654088,0.17200972508145895,0.0647676712995861,0.08095659945392172,0.07174989063402193,0.14510183521760062,0.14132475462945587
ZJ016560,0.19591737648599333,0.09914235272332571,0.15600359669039188,0.06343589613303523,0.1309432487655516,0.16535959735844039,0.11072423186786047,0.07847369997540136
ZJ016566,0.1549523459569881,0.13389059243127444,0.24247253789684375,0.06149812796616387,0.0837489709096093,0.09810162596352538,0.12943854048523065,0.09589725839036446
ZJ016567,0.10987485146277827,0.06790360049945726,0.19197172814427643,0.1340781071126673,0.08798172559680525,0.0727147415166934,0.07187232869591796,0.2636029169714041
ZJ016569,0.12130597652434734,0.12446296500470055,0.1761311590366035,0.06010538596012455,0.12788837190536617,0.11302357575746884,0.18073184857016864,0.0963507172412205
ZJ016571,0.10921463017776814,0.06976650505697868,0.26249567608257507,0.08279825138199744,0.07319685129971713,0.2426295011648059,0.06293598492708825,0.09696259990906941
ZJ016573,0.13914801827161333,0.06838550661973904,0.28898614976945286,0.09470130219378654,0.08544072280856924,0.09809345841480183,0.06779944761421462,0.15744539430782248
ZJ016574,0.1088159088443721,0.0747359794811382,0.2784130588925653,0.11547624628675367,0.07800133634092159,0.10132413258122219,0.06495900567173775,0.17827433190128925
ZJ016575,0.1121050822539421,0.06885045072538945,0.2928511617356087,0.0840378018856702,0.10467853375424936,0.17887959317327046,0.07336837364110262,0.08522900283076694
ZJ016577,0.14238440491412438,0.0934395367413458,0.24623692499651006,0.06792002992305153,0.08767406991839154,0.0674353920821627,0.12387221934643212,0.1710374220779818
ZJ016578,0.17550697919630565,0.11141789544977382,0.21538166853993235,0.06665813015781759,0.0860608634458925,0.06994292774920464,0.15577183183330953,0.11925970362776386
ZJ016583,0.15993135370247707,0.11844075275483196,0.26827905008121866,0.06410106351015356,0.09419411315545705,0.07147538735123399,0.12308261081245543,0.10049566863217241
ZJ016584,0.12728244354841445,0.06260349252329249,0.23921833915605303,0.13389029803616556,0.08536626677172601,0.10379706829872716,0.06246524111365446,0.18537685055196704
ZJ016586,0.16962921654792465,0.08157553803076903,0.24675837084592278,0.07039258504889774,0.07546071007294163,0.06875199205891715,0.11704718150052743,0.17038440589409962
ZJ016587,0.12285677511951408,0.09357756459934205,0.37594748126010147,0.0632464335289562,0.06853436860546978,0.09261929474382195,0.10164585148962318,0.08157223065317132
ZJ016601,0.14924069605127105,0.1394657919310067,0.24392731547661298,0.06499093222362523,0.09348534642041546,0.07834932576208749,0.12445038857288122,0.10609020356209994
ZJ016602,0.11707918678817747,0.12196229296989157,0.17342807144633574,0.09525885512360148,0.12983772952400888,0.09817489785100068,0.13641139235458802,0.12784757394239613
ZJ016604,0.10521241939334791,0.0751078632470185,0.21704750434423287,0.13159591820621916,0.08565502095857377,0.06026664163807624,0.06548181314074272,0.2596328190717889
ZJ016605,0.12027417222933928,0.10373076924926815,0.22989134920538865,0.07218658238614242,0.08625450815001205,0.1472323541253291,0.12210199305780588,0.11832827159671457
ZJ016606,0.1537214836676974,0.11514878372171711,0.19245481394592429,0.08345129058691564,0.11548374621992553,0.08244881115507166,0.12531228072408343,0.13197878997866494
ZJ016608,0.12433087121770528,0.08730229534198701,0.19208654747522574,0.14084406963151685,0.10099121967879982,0.1161258193867014,0.07893421195420844,0.1593849653138554
ZJ016610,0.15713172197414396,0.12746981918168704,0.21620376187754192,0.08106944557188653,0.11638231250986017,0.0776958821075514,0.09184881810700349,0.13219823867032565
ZJ016611,0.12571345932960304,0.11988762934824695,0.2272047511587616,0.06205418181954552,0.08770812875372287,0.14982714390178664,0.1249223246586198,0.1026823810297136
ZJ016612,0.10584949116575566,0.09266106257550656,0.3016909286848709,0.11596936259087352,0.07678022682997399,0.12365861871256761,0.06516058399450728,0.11822972544594465
ZJ016619,0.11439364651844652,0.0885826533900781,0.1823624011861236,0.15616346723885605,0.13509610198822225,0.08608414114874967,0.08526758927581629,0.1520499992537077
ZJ016622,0.1384568430386659,0.10612006176796239,0.22293800915830517,0.08581607492169158,0.11357493340627861,0.10968906490525134,0.14375341445364825,0.07965159834819677
ZJ016623,0.13218322486389245,0.08007615530207102,0.2031607619090931,0.146543613491851,0.0857280515082178,0.08900625339980253,0.06712795434391698,0.19617398518115517
ZJ016624,0.21963686265907476,0.1090370669734569,0.13974072917102026,0.06740233670693284,0.13182186451846217,0.11411534428484343,0.12028025615321947,0.09796553953299017
ZJ016631,0.14188483186298512,0.09761580986368656,0.22711589189275994,0.1389212200605928,0.07250204502708639,0.1093512403169853,0.06632094614663785,0.14628801482926598
ZJ016632,0.13921247289082844,0.09166409726394677,0.13372107345857195,0.15968756374734264,0.1532000632797076,0.07599609574775543,0.10490963593678389,0.1416089976750631
ZJ016633,0.19047490671384112,0.16608957794363122,0.1401010382418851,0.0594308142104636,0.10230788008756035,0.09330200097077983,0.1679839213512267,0.08030986048061209
ZJ016636,0.10390031580491345,0.06890060429675361,0.193046002531247,0.15066524847800106,0.09384542834020755,0.07411610568672054,0.0701297615574537,0.24539653330470299
ZJ016647,0.10680818823518398,0.05723222876714398,0.2465334387719656,0.1899730088930605,0.08798367559152888,0.07122379304974905,0.061572565828974676,0.17867310086239335
ZJ016649,0.11169117532289638,0.07965783339936844,0.230168978934672,0.12005855916942948,0.0795301810277329,0.1512294801003395,0.05864589369962732,0.16901789834593395
ZJ016652,0.1504778381426572,0.09811963427540527,0.2669155169721655,0.07599062304338247,0.07337883682109661,0.10919981934489958,0.1507151414269056,0.07520258997348775
ZJ016658,0.14473376846885957,0.06981857249797414,0.2688431000902119,0.09628650750310518,0.06536937645875249,0.12312401831650495,0.07923632949979921,0.15258832716479243
ZJ016659,0.0826154156269612,0.1108986630993581,0.17295254098148766,0.08214661959778934,0.12106797207146794,0.2690657877013813,0.08708346565224218,0.07416953526931234
ZJ016660,0.1748942112418516,0.0825686926203054,0.23866019771685235,0.059953681350417044,0.0789031418998812,0.07445555453701394,0.16895058883933656,0.12161393179434188
ZJ016661,0.16223751728373445,0.07581914764428677,0.278855482714197,0.11676130944943271,0.07271086767477605,0.08005523332873923,0.06709200472419545,0.1464684371806383
ZJ016664,0.12234431433440168,0.06037729000592231,0.282967262608774,0.11218803654413442,0.11100943167098609,0.09900621172892858,0.06678052557830104,0.14532692752855195
ZJ016665,0.12982624877892723,0.11421503711847321,0.1534797501426961,0.06484964199324929,0.13466441144779784,0.11550003688209318,0.17369245641641404,0.11377241722034909
ZJ016668,0.1674214776566856,0.0990216556203455,0.20055214287225445,0.09963545206029419,0.1124703542462273,0.0880156328359067,0.0949984798265996,0.13788480488168667
ZJ016669,0.15084065621036863,0.15542012603784958,0.20874433996190825,0.06805536600337565,0.08644656791253984,0.127847626150314,0.13066284438163506,0.0719824733420091
ZJ016671,0.1326687061133248,0.06637699767767322,0.2783938750624267,0.10936628337416222,0.08270262370178257,0.11525710261843267,0.07338762781334184,0.14184678363885614
ZJ016672,0.11227214812149064,0.09411693412582424,0.15807080440988122,0.09994615895178564,0.1438871705095671,0.1970256480511332,0.08743661799480663,0.10724451783551113
ZJ016673,0.17570271300769,0.09943931171483764,0.1377594108061833,0.10024656250986015,0.13556589618871645,0.09759499227833082,0.13002153767959332,0.12366957581478827
ZJ016676,0.1563426613073945,0.1083543373533503,0.270608760221963,0.059296999798841676,0.06939012398668826,0.10637504772487376,0.15139003748531502,0.07824203212157356
ZJ016678,0.11916306107786528,0.09740725889690312,0.09368946448312786,0.09769397601579156,0.1132045002914878,0.10161681196421139,0.30370618149569145,0.0735187457749217
ZJ016680,0.12732552463763896,0.12232229957793114,0.1736865245432534,0.09230535054295898,0.12828667748877506,0.09316480403412226,0.1327835015472579,0.13012531762806212
ZJ016683,0.15157492910353026,0.08660373760843512,0.2686530161532536,0.0638739802744642,0.10049552380112474,0.09884410328437404,0.12126080597459833,0.10869390380021952
ZJ016685,0.13683566091737806,0.13819594614859002,0.2213780900394113,0.064240973843165,0.08562559574659327,0.12529614756770627,0.14330308178818066,0.08512450394897522
ZJ016689,0.14348096813041875,0.11363274273812438,0.24674499661540214,0.0787025020142366,0.0794755207709565,0.07787290319612569,0.11341560718573336,0.14667475934900268
ZJ016690,0.1114566235072148,0.07309628867167398,0.2605353606491059,0.11691092125428366,0.07716390165565858,0.16764564191050313,0.0693029065105362,0.12388835584102378
ZJ016692,0.11884585360506048,0.08745530811386124,0.35762874138717693,0.07139834882157392,0.0765651725249036,0.10205600815508792,0.09666092720478314,0.08938964018755277
ZJ016694,0.11707340022329045,0.12790154532163533,0.16956548919635264,0.09534309446139512,0.12663385305059544,0.09659933884895544,0.14209454700207216,0.12478873189570334
ZJ016696,0.1659647896711025,0.12200730382741744,0.2553703400008076,0.06135053953260375,0.0748220843254522,0.11773419031363785,0.1314328916200519,0.0713178607089267
ZJ016697,0.1508901924158334,0.22145691155910327,0.13475610189388906,0.09157769879357319,0.09437656795684979,0.06357897759335446,0.10616674604412658,0.13719680374327034
ZJ016711,0.13650087701917177,0.12758761567736038,0.18769526801090067,0.06233030562406353,0.07577199633356854,0.21448694599919396,0.11723192588898831,0.07839506544675275
ZJ016713,0.16919942480788977,0.10869553509103295,0.2670855304369995,0.05918872414862625,0.07695250949143057,0.11008274160818615,0.10828737575726845,0.10050815865856642
ZJ016715,0.16067288764674878,0.08328012129861516,0.2679047244566075,0.10174467155840647,0.09258990518793772,0.10347018711654801,0.07523959250294489,0.11509791023219157
ZJ016717,0.20067547160855234,0.09026007345494336,0.12555387032119505,0.08294165532231479,0.10472301446740856,0.09209888356888671,0.2234059152763178,0.0803411159803814
ZJ016719,0.18667903589352644,0.12079241173347732,0.2586150503233791,0.05430724027819947,0.07765156542887701,0.08461337031053945,0.10974015059375912,0.107601175438242
ZJ016720,0.13208757056893272,0.11221103999190524,0.18010297921547702,0.08913634711193205,0.13127318482057554,0.09884615742246261,0.13116030875006565,0.12518241211864914
ZJ016724,0.17791230872625674,0.1184253079613189,0.2666749229538513,0.05872961303478559,0.06083000173205666,0.1097196979455235,0.1366617507093205,0.07104639693688668
ZJ016729,0.12332787296524056,0.13100098709895608,0.2392408807513548,0.0671810558567913,0.08851294006230262,0.12102324970812504,0.13956300763178328,0.09015000592544625
ZJ016730,0.1220737435004337,0.09898858387556879,0.18173811339661783,0.1255224342972007,0.11006301368715347,0.13598278146140497,0.07990286690909353,0.14572846287252708
ZJ016731,0.11933818384848627,0.10906014913014424,0.16697955219267288,0.12965269504649687,0.1380910178061459,0.10233459913916396,0.10329280454827795,0.13125099828861192
ZJ016738,0.13650087701917177,0.12758761567736038,0.18769526801090067,0.06233030562406353,0.07577199633356854,0.21448694599919396,0.11723192588898831,0.07839506544675275
ZJ016740,0.12078499867956405,0.09948855204164424,0.1335551119331833,0.15154146236099122,0.15741243183897227,0.10569685019663538,0.09873938487896601,0.13278120807004357
ZJ016742,0.13948034891351918,0.10511979595934245,0.22581302367089853,0.08742134838315481,0.0953002717812947,0.1123746426958563,0.11381469478956711,0.1206758738063669
ZJ016743,0.17243403731304002,0.09866920728696152,0.22373087776866152,0.06858108193273021,0.097300019539829,0.1033038053582009,0.1273302582023449,0.10865071259823189
ZJ016754,0.1242383694504768,0.06676411606287239,0.23183387521123144,0.0938684677591029,0.11550271343418726,0.19823810142113513,0.07446250816354652,0.09509184849744755
ZJ016756,0.14532538121354932,0.13358859154007355,0.21341513868246526,0.06969006962351644,0.10558479560037874,0.10083075785138954,0.12028035018785883,0.11128491530076835
ZJ016759,0.12346238670263227,0.10702328024652612,0.17032335503940127,0.13840483512437413,0.1300455572659052,0.09600861573578022,0.08413621820896164,0.15059575167641903
ZJ016761,0.16570648675790048,0.117241108586542,0.22571936885755212,0.0795123822433089,0.08733759543872623,0.08697331713813808,0.09179682118656488,0.1457129197912673
ZJ016762,0.1414871773746575,0.0928118985584703,0.20733637168525337,0.14029622362022734,0.08445712536411425,0.09299651949376792,0.06512402279198143,0.17549066111152792
ZJ016763,0.08143822157378977,0.11541215809448975,0.17139056809655157,0.07941970306101499,0.07560234318526927,0.29812912280773424,0.08609939735351313,0.09250848582763734
ZJ016764,0.13928758983047115,0.09291306038640956,0.279166131478944,0.06605125866938812,0.08837711084800157,0.13919025248341715,0.11465015886815406,0.08036443743521426
ZJ016765,0.1362945753963734,0.10101326941118646,0.2237279708391748,0.062382717749425325,0.08000680599760565,0.0903514865540788,0.15151413775508196,0.15470903629707358
ZJ016766,0.10991775799909703,0.10682501843741242,0.13741426419453023,0.0804935222489914,0.12699246017055185,0.15253517260796914,0.19154094887495995,0.09428085546648791
ZJ016767,0.15423736153546924,0.13253876249789706,0.2129736001069011,0.08581168465008475,0.10022626344573322,0.07039410325316546,0.12330074208372725,0.12051748242702195
ZJ016768,0.1313865934161835,0.1051867434371397,0.21275353553558446,0.08422875816980767,0.10040720563680106,0.0957690028132964,0.08981737677934869,0.18045078421183858
ZJ016769,0.1545737615354791,0.10651166288819783,0.23927958327205306,0.07700498577319202,0.08691637451973286,0.08233324909594285,0.11595617856725819,0.13742420434814406
ZJ016770,0.12902784651774007,0.11004092378555475,0.18896054469610382,0.08824443145213555,0.1338211222157999,0.10129548681297834,0.1282968766872468,0.12031276783244092
ZJ016771,0.13638290199332231,0.09899676414116902,0.21676523842031287,0.1370591300099516,0.08104926333972004,0.0904091190175044,0.06550414600091783,0.17383343707710186
ZJ016775,0.15639010099050188,0.14017490468869803,0.27675733691649634,0.05468640944788569,0.06460876359030673,0.10559877611501882,0.1256308525317034,0.07615285571938912
ZJ016776,0.11588111412420095,0.08029030903350325,0.21541575516307201,0.13227492012696113,0.07158226725410445,0.07902268144463881,0.06993294879678424,0.23560000405673515
ZJ016778,0.11666790852308595,0.08903800247092895,0.22491467684025576,0.1533728778632781,0.1051282327469684,0.09216988863829137,0.08189376741115942,0.13681464550603212
ZJ016781,0.15145606650146973,0.13054116750181066,0.266579959669435,0.07842477345729551,0.08932402087798193,0.07066930961104302,0.10979105088241488,0.10321365149854919
ZJ016783,0.11494028057498173,0.08499523858250109,0.2783965948312397,0.07308769644971057,0.08019517705221581,0.1328768053499054,0.11191419549373816,0.12359401166570766
ZJ016786,0.12695405100801865,0.06344937383580636,0.2476435113795002,0.14013582352459342,0.07530669263261339,0.07764876472472862,0.07197679129704147,0.19688499159769784
ZJ016787,0.15436194421106933,0.10016798448374817,0.15946366059761818,0.08299333865957563,0.11312004916710404,0.1796914463261869,0.1284913147101755,0.08171026184452215
ZJ016791,0.20737229647995745,0.10706205806640234,0.1305320409025086,0.06044554544347994,0.12399656742890208,0.13195559136776194,0.1541678871042904,0.08446801320669729
ZJ016792,0.1377920803078309,0.10976833045029488,0.2120935070724188,0.060207892814011635,0.09654782807922813,0.12275134304451361,0.1498949571473259,0.11094406108437609
ZJ016804,0.12086818693448484,0.1035248786983315,0.2069517899569041,0.1285785944054257,0.1190795864659817,0.11350755689564412,0.07913903833191877,0.12835036831130922
ZJ016807,0.16811084414055158,0.09852140132553006,0.2474998700482143,0.059070789987577164,0.0838453571012812,0.12202487709733072,0.12094356332690816,0.09998329697260698
ZJ016813,0.1525563748619302,0.08018624702186958,0.21083567424409563,0.0717791706746456,0.09945224812229937,0.11398431645043125,0.14023400982358283,0.1309719588011455
ZJ016814,0.12691369803966665,0.07791561013004426,0.2007936768498078,0.1219243101661315,0.09233794734283375,0.12257279692079594,0.06659245790132001,0.1909495026494002
ZJ016816,0.17268895824173727,0.15264425004366072,0.19137416200565002,0.07995021952300145,0.1026519536132032,0.07223218318739806,0.11030897791269986,0.11814929547264932
ZJ016820,0.1190980021055831,0.12143595597380573,0.15571500453787337,0.07376222484942865,0.11824841355377388,0.1333753968459221,0.16650401766019388,0.1118609844734192
ZJ016825,0.10232209235835181,0.0709373195191265,0.22980904043169953,0.1627289497878811,0.09514659424497263,0.06994530058728111,0.07228333696886236,0.19682736610182514
ZJ016827,0.18914674513233418,0.08383077828120065,0.2338114398025626,0.057142268525625185,0.10157291842754008,0.12957887973932966,0.12516040109703908,0.07975656899436871
ZJ016828,0.1013573244264083,0.058562828431443927,0.23147630503858366,0.19639649312547358,0.09520566481843769,0.07969727856883278,0.06645227977440464,0.17085182581641536
ZJ016830,0.12865577578190612,0.07070740947114962,0.27586612323150145,0.0736999140080546,0.09698351423473864,0.1345243226967917,0.07927835057523631,0.14028459000062166
ZJ016835,0.13336455799484914,0.10638000973880977,0.1974641761088665,0.06678319963287846,0.10802653311574065,0.17234588284795874,0.12243749776718199,0.09319814279371474
ZJ016837,0.15822942159935938,0.09709730311966797,0.23147841004851727,0.06730008890625248,0.09061697168944724,0.08891794009431246,0.12020595608309188,0.14615390845935133
ZJ016839,0.14774465592453026,0.11641795728394841,0.2444966708011808,0.06344432853938049,0.07987955421627457,0.10162866682617638,0.14178794429671304,0.10460022211179601
ZJ016842,0.13333539648876824,0.12485894115979951,0.17144749360120237,0.09236012040361255,0.13166887783684653,0.0788564631447981,0.164256516563369,0.10321619080160364
ZJ016844,0.16343112345100594,0.1002183744547305,0.23233755513614865,0.06596006705547862,0.09215287920222724,0.16293518648657965,0.09124471239500961,0.0917201018188197
ZJ016845,0.10966949910429777,0.06599860998728194,0.3027974571727795,0.0988189724672824,0.07184143438684161,0.17580880924760944,0.0659595948455457,0.10910562278836172
ZJ016846,0.13312931158268565,0.09994039363834838,0.3117250003334289,0.07778411244840198,0.09831778256856777,0.09412250141713079,0.08862595296205926,0.09635494504937712
ZJ016848,0.13368875072804057,0.10859569493455248,0.26556729249659916,0.08039521331917397,0.07809416383059227,0.08504586025534273,0.11133443806618654,0.13727858636951223
ZJ016851,0.13010946840759766,0.06847998143170494,0.26468650661239507,0.11334406620311357,0.0932382738970612,0.10819618692939373,0.06444042763232401,0.15750508888640982
ZJ016852,0.12020554541595832,0.06774023725216749,0.28705439423329693,0.10741393787701825,0.11942398846377719,0.09338670202929628,0.07463320813414347,0.13014198659434217
ZJ016854,0.18587460449600543,0.11057016734836043,0.17189716537703767,0.08039760478020545,0.12129776347698097,0.1006051615097675,0.14022244704194683,0.08913508596969566
ZJ016855,0.16409226145085462,0.09580674628029714,0.28420398724036605,0.06122720362767307,0.08998246614603313,0.1142795343512234,0.11568673280079744,0.07472106810275517
ZJ016856,0.17828417494969273,0.12998721000816515,0.2043355588882969,0.08534253124477927,0.09416541588094447,0.0930881815213779,0.10007244847077536,0.11472447903596834
ZJ016858,0.1777472710089993,0.12879565471308888,0.25702385125006266,0.05629668526820571,0.07184832977399429,0.118601261838465,0.10467924642347105,0.0850076997237133
ZJ016860,0.07198102939496838,0.0752824518254943,0.19988557382330133,0.0697470238282028,0.07118580583519314,0.38163007464001997,0.058437333425888915,0.07185070722693113
ZJ016861,0.10529207821706232,0.07635908933190438,0.20171213599295926,0.14915894942754976,0.11318164783994186,0.1365471467861397,0.08355419651023581,0.13419475589420693
ZJ016864,0.12622972408420113,0.126800764265352,0.23284512546650513,0.07190324649916528,0.08958962961303667,0.09866035692654107,0.14524823888159685,0.10872291426360194
ZJ016865,0.1323605545422418,0.09788757277344268,0.09109792320810359,0.09502938890857937,0.1169422610876344,0.11480184252505263,0.28122498797682033,0.07065546897812515
ZJ016867,0.17413051137665952,0.09426403226627492,0.25703541130526564,0.057503327108611536,0.08105655598272982,0.08140275385330241,0.15074722097827967,0.10386018712887658
ZJ016868,0.13910442747423332,0.14614779132673966,0.20574952640301353,0.07631996873427577,0.09297599694090086,0.12142286846066196,0.12197350682952646,0.09630591383064845
ZJ016872,0.1275471429022602,0.11832040039885242,0.21722209412053733,0.06422721831652756,0.07958112930906476,0.22353711337234364,0.10320222352076854,0.06636267805964541
ZJ016874,0.1926185658941948,0.11526002988923682,0.16708707647110835,0.06274799149297375,0.07869571034444522,0.12289285504095243,0.16575290783836094,0.09494486302872772
ZJ016875,0.107971594455593,0.11215996658780582,0.2056655363102881,0.06674000750642645,0.10689621267833903,0.16964464412007946,0.15451304842235186,0.07640898991911615
ZJ016876,0.1429412798318538,0.10878154945992562,0.2608544797527585,0.06637820547445164,0.0794764554902297,0.0951935717825206,0.1598676880649433,0.08650677014331691
ZJ016878,0.1383872078659193,0.07733920850858889,0.2966988606298647,0.07699446170405366,0.09155865830472988,0.09783756983293634,0.07467397473053626,0.1465100584233709
ZJ016879,0.1631482816743862,0.12131915915267658,0.17460418636577835,0.09938877389214422,0.09297327872925235,0.07933402224270564,0.10481141028176959,0.16442088766128707
ZJ016883,0.12976513681026006,0.16336224027780888,0.1687022792357893,0.06737806559468433,0.08226390100817702,0.1005033077193503,0.19975573765136012,0.08826933170257001
ZJ016888,0.1063707543091432,0.07390503117203226,0.19884330092246652,0.19327803998046608,0.11101181881269026,0.10975049290634921,0.06474039519761128,0.1421001666992411
ZJ016890,0.14068883342525415,0.07839583380008358,0.283685759219942,0.08714751778908142,0.10465084227544158,0.10538930356031932,0.06983997534674806,0.13020193458313
ZJ016891,0.15455443526933002,0.14283294915955932,0.23127943681819665,0.07644801424900746,0.09201532844833281,0.08871303410823342,0.12623821029023016,0.08791859165711013
ZJ016892,0.20476633031126118,0.09678793868440652,0.19309333706165258,0.07524918201101838,0.10778894583482553,0.09107235185650389,0.1300512645978744,0.10119064964245758
ZJ016895,0.08633738964949841,0.12734084392180375,0.15684593951497292,0.07513886202719666,0.07368817485489701,0.3222571132157749,0.08664693003522575,0.07174474678063054
ZJ016898,0.11673578870206233,0.07318140777213675,0.2745775864481274,0.1311445827350326,0.06936818923972589,0.13759934344623698,0.07418314924513593,0.12320995241154199
ZJ016900,0.16560321139197456,0.06157598105145312,0.23912957985162178,0.10467279020450052,0.08385800521669422,0.11070338803409648,0.05322172409624863,0.1812353201534107
ZJ016905,0.10743506687249796,0.09867056515703952,0.15180494446979043,0.13726404976869128,0.1021634808620572,0.11638282758318584,0.059838928566382524,0.2264401367203552
ZJ016906,0.17340614771918098,0.12118465960457775,0.2574912856009732,0.05889254482271311,0.08255830408831119,0.11561439908606352,0.0989614347918821,0.09189122428629806
ZJ016909,0.09304765725132827,0.08900766892578951,0.1530043804426067,0.0677853255457432,0.06672994071747727,0.3708358141424533,0.08761160154474415,0.07197761142985752
ZJ016912,0.14411837522112017,0.11363118452383028,0.22771021067808325,0.05726720586534375,0.0962656463282768,0.10635195467766219,0.16345715335387176,0.09119826935181169
ZJ016913,0.19759228025289932,0.08017901663289294,0.13707433438258332,0.08006045033560523,0.13608337692762973,0.11134250634116684,0.18629373949540567,0.07137429563181681
ZJ016914,0.1380104172126321,0.10168173840586485,0.18660385636885066,0.11597042070063684,0.0813965065576472,0.08352285082423014,0.0862475787898456,0.2065666311402925
ZJ016916,0.1322643984674339,0.11105517200337314,0.23354639519896284,0.11038709045478987,0.10900957722103503,0.08709996564224023,0.07774791118106783,0.13888948983109728
ZJ016921,0.14904996580771676,0.12184966874160547,0.23284903782454153,0.09575668512286008,0.07704111756758592,0.09659904182447028,0.08172523830714896,0.1451292448040711
ZJ016922,0.1433067513532933,0.1410022592922833,0.17019682704263098,0.06124569187556384,0.11234364765681695,0.11036329816189219,0.17251191821169246,0.08902960640582687
ZJ016926,0.14769622250125863,0.08917435261466175,0.29358956526080443,0.09560977884688525,0.07526795088996655,0.1131542892107859,0.07550766798421761,0.11000017269141983
ZJ016931,0.11513664137353628,0.07753418106064741,0.21269487216491448,0.10805656684033633,0.0948830511397514,0.07266903260994467,0.07106408616280487,0.2479615686480645
ZJ016934,0.1290788930418399,0.0710474395398367,0.27797320097885286,0.09819697823496457,0.09573391831321681,0.09394713466028391,0.07000271393701298,0.16401972129399214
ZJ016947,0.14603715036379455,0.13465431887781376,0.23857650505985117,0.06112854330027551,0.08548884988365178,0.10216298608585463,0.13385055986368052,0.09810108656507809
ZJ016948,0.14013390098763034,0.06802886509504813,0.2581335706692036,0.09267753868666856,0.07564282205212271,0.12568556068641015,0.08401520743168964,0.15568253439122695
ZJ016949,0.13823086263361217,0.08218152082490847,0.33490500440375964,0.08748940972707646,0.0717893402687006,0.08471360943459315,0.07680605949412903,0.12388419321322044
ZJ016951,0.09824911730891682,0.06690118580087072,0.23006833538869648,0.19283304198203022,0.08970712724540529,0.07293394807385455,0.06893141641386497,0.18037582778636077
ZJ016952,0.1325355313078,0.18167245283190273,0.17269629259047456,0.07549857142402218,0.1272926125166139,0.07674005903993666,0.108652867326979,0.12491161296227095
ZJ016954,0.14083796152016848,0.11778548457991751,0.17630368430678192,0.06898349516876662,0.11007546112804652,0.10587154396739418,0.16933979739262064,0.11080257193630402
ZJ016956,0.17816270999770897,0.11300471755287426,0.2340119596266222,0.062012144253242536,0.07998380246847275,0.12112600600285955,0.1342303093833459,0.07746835071487392
ZJ016957,0.16463418675447675,0.09745787540693682,0.2786028676776043,0.06745089783980115,0.07763491151511821,0.11057964866622756,0.10739125693087466,0.09624835520896052
ZJ016959,0.11269909637418143,0.07062819336097655,0.26151632272537445,0.1289612555022575,0.07429813260317755,0.16216524041419436,0.06791826269824434,0.12181349632159384
ZJ016961,0.1256124577042036,0.14193879060218684,0.1339442927853888,0.08900074092809138,0.10624865164179818,0.10232134720099852,0.18258673967775554,0.1183469794595771
ZJ016963,0.1277684461855448,0.10302630177083807,0.29050176967914393,0.06580399400482119,0.09730918122761852,0.12876357291954052,0.1168528259122919,0.06997390830020105
ZJ016964,0.16329673529027988,0.1688780445217609,0.17619915646926493,0.07932101170023421,0.08566855940397088,0.08909807190290804,0.09716887193118007,0.1403695487804011
ZJ016965,0.16989236315757258,0.11781998953674314,0.2476938117053069,0.07498890658491958,0.06905191845739457,0.08798025756280141,0.09861884406278952,0.13395390893247236
ZJ016970,0.16938859534954812,0.17874369516071334,0.1297400285406065,0.058037844706239294,0.10343307002565622,0.10121722874032882,0.17665445747177833,0.08278508000512955
ZJ016974,0.16954277067263485,0.13935780834608927,0.25140833169972654,0.06259099255543565,0.07727622645363945,0.09095388632463619,0.10905873766672967,0.09981124628110853
ZJ016979,0.16744791173673007,0.1427810481019513,0.22084896251636577,0.0730617345176313,0.10518687346589056,0.07298369954660074,0.0979793286508493,0.11971044146398098
ZJ016984,0.11387169441254215,0.10934663796375155,0.16945822480395742,0.12908588222860587,0.13162216264746723,0.09148858878816055,0.09711910904890114,0.15800770010661408
ZJ016987,0.1818444251014083,0.09949367104238976,0.2819119112259936,0.05722879073883739,0.08104416565867917,0.07872346843431431,0.11143228277948829,0.10832128501888932
ZJ016988,0.130155728515262,0.09031778543986478,0.15391083203910152,0.16132455410415467,0.15314329057256576,0.08407846832962532,0.09774431783122249,0.1293250231682033
ZJ016994,0.14654506897516847,0.11117788875889287,0.28210818259908144,0.06327106193220874,0.07426370361123097,0.0820346263587727,0.12380792234800346,0.11679154541664119
ZJ016995,0.13164564231803677,0.09653493615392442,0.21692178950111168,0.06609761687700007,0.11084205894823188,0.10480466815735036,0.15548695193951886,0.11766633610482594
ZJ016997,0.1914709681646812,0.10481426369111657,0.21324872181496116,0.059036846972320665,0.1057369117288542,0.11406776287101558,0.14513575342209206,0.06648877133495859
ZJ016998,0.15351795774919208,0.13155221312468474,0.1860708960821235,0.0772230430763643,0.11105694677026902,0.08734248027314712,0.1257898113206654,0.12744665160355356
ZJ017001,0.12213268384337984,0.08224019053516489,0.2017669810131478,0.11355915882713571,0.08982006902410056,0.0970184720256439,0.06536421912701486,0.2280982256044126
ZJ017003,0.13191538682726123,0.09314163315654167,0.24349618085317157,0.09930937278489979,0.133345724933652,0.1104662369281955,0.08337931689435937,0.1049461476219189
ZJ017005,0.15318525943326022,0.11929701565034563,0.24090542182692973,0.062261491539869686,0.07076031153365389,0.06583313570412538,0.12139982664578516,0.16635753766603037
ZJ017006,0.11974585286429908,0.1212083338081121,0.16907704361026948,0.094242342790673,0.13134189057692397,0.09961812945655184,0.14472894864823857,0.12003745824493194
ZJ017009,0.1348249739896666,0.08538808636628005,0.24566208569080775,0.0750532663481828,0.11135814758334849,0.11476349126040948,0.12328622848924463,0.10966372027206017
ZJ017012,0.18943509922749624,0.10425811664750094,0.18908524156641776,0.06865308832499498,0.10644064215120254,0.10167350077634825,0.14451090265958574,0.09594340864645345
ZJ017013,0.09533782508045158,0.06964401070733922,0.21869128318714168,0.184789888182063,0.0864067657104728,0.08040200637490744,0.06280655613184777,0.20192166462577643
ZJ017015,0.11508849596672444,0.1210592000545092,0.13970141442430556,0.07450263671928645,0.1316702781955291,0.114444458532826,0.2109315181134293,0.09260199799338999
ZJ017019,0.17718144702127728,0.11805685174894362,0.2226924594372613,0.061473863506228354,0.08531199993545065,0.07208214902107862,0.15060180972490037,0.11259941960485963
ZJ017023,0.15644343938188796,0.11419353492753673,0.23960644257349592,0.05877480370373617,0.09519444620847373,0.10088171366450982,0.13938524044568462,0.09552037909467512
ZJ017024,0.14701468754789815,0.11831402386775501,0.19323787747305554,0.06569051060642464,0.08503556499659215,0.12545025311463362,0.1293716820817995,0.1358854003118414
ZJ017025,0.19115259030317858,0.08482772109227443,0.16808889741047014,0.06649591958202831,0.09004356853047474,0.10256527103735572,0.19117426668297696,0.10565176536124121
ZJ017026,0.13347499410646982,0.09734097035572453,0.3143118447341028,0.06926177805912138,0.09257512603688886,0.11498719394825731,0.10658942380550154,0.07145866895393387
ZJ017027,0.14388271414078865,0.07744005949892911,0.2860476627743211,0.11878734711328866,0.07902083444552982,0.08675363350064536,0.06233674460125372,0.14573100392524344
ZJ017029,0.11014348286049633,0.06695228207416692,0.26224171403458685,0.16074830962570746,0.0877722039075459,0.11093469233113627,0.0670082769754539,0.13419903819090642
ZJ017030,0.16739945491822325,0.10862639264093557,0.115393097199105,0.09991119170496951,0.1366869341706287,0.08088298724446892,0.17043274410194179,0.12066719801972745
ZJ017031,0.1796910044826833,0.1351913414404993,0.20502743775660154,0.08395798280162814,0.08967609891449904,0.07294442041963982,0.11559673572221299,0.11791497846223589
ZJ017037,0.1538435022692596,0.12262322842216213,0.3021206258674782,0.058697579072242066,0.07122097890118835,0.10906232470140603,0.11287869492063683,0.06955306584562682
ZJ017042,0.12535000629667603,0.09797881107725598,0.23298039571941362,0.11493198795621183,0.0926278707657391,0.10373779591156963,0.07542813578061136,0.15696499649252252
ZJ017043,0.11478203617445122,0.08645658532276729,0.33397528551462596,0.06710062680101903,0.08561134302331623,0.13896037942857284,0.09370508568445124,0.07940865805079614
ZJ017044,0.13552594363575418,0.09454523632150556,0.23939248911635924,0.08204865975635402,0.07163044234344015,0.09235410742363405,0.0756072513295423,0.20889587007341054
ZJ017046,0.10563304941298504,0.11220855471446994,0.24792469613420492,0.08259994315392027,0.08505362619188775,0.18290324696858812,0.1033663049497589,0.08031057847418502
ZJ017052,0.17230498073233544,0.10834451028159997,0.24747215792668578,0.07150716177956251,0.10529074756434616,0.08206377696195738,0.09595634420887705,0.11706032054463572
ZJ017053,0.13671125611054757,0.07664795917798468,0.25413839136679406,0.13019076432249554,0.10048938470110583,0.07658939599169429,0.07452063693997195,0.15071221138940608
ZJ017056,0.14023533553297915,0.12800919131335087,0.22132513861625291,0.0756254081251495,0.09976940961085778,0.1304085025346466,0.1268911935343117,0.07773582073245144
ZJ017058,0.09530160069001148,0.1138465136005045,0.15194947214204152,0.0635209487577463,0.07393411738944634,0.31370871900772607,0.09525227789088644,0.09248635052163728
ZJ017059,0.16138628374655506,0.07902816337436241,0.25799194222436306,0.11898454029611552,0.1038500252432589,0.07277253306971974,0.08507628073232094,0.12091023131330449
ZJ017060,0.16471711766617944,0.09971479623758274,0.28459546580487216,0.06810256000885427,0.07440964998754808,0.10585897315794984,0.1105101561231583,0.09209128101385522
ZJ017061,0.12279240592607162,0.08792250020451094,0.2233740082292009,0.12429092564621745,0.11587955669994257,0.10379650329641457,0.08234021434004042,0.13960388565760146
ZJ017063,0.17624256788178674,0.10216448437747956,0.2206917550456865,0.06904450040926538,0.09369962532236693,0.10419148842876917,0.12901797250065733,0.10494760603398835
ZJ017065,0.12315877924888317,0.07483265551446104,0.1580414662819509,0.1796668450883061,0.09206060329642657,0.09670388245979833,0.0612069693483531,0.21432879876182082
ZJ017066,0.11440039768833833,0.07958495190993137,0.28336599252546163,0.10022076126673188,0.07916059105967879,0.07463735906149266,0.07061147995161858,0.19801846653674687
ZJ017068,0.11841689015029619,0.1376903768260108,0.22466165539093183,0.05875938070162173,0.09204190703924431,0.12357881878564134,0.13733422990846053,0.10751674119779325
ZJ017081,0.1168754867760004,0.09430157827164946,0.179280329406656,0.06852380024268594,0.10638690896902456,0.18765193675981795,0.143361404303606,0.10361855527055959
ZJ017082,0.1797678881728441,0.09439525773906092,0.23306240459748961,0.051482501873261595,0.09126785051009403,0.08522116112059394,0.18197562130523712,0.08282731468141874
ZJ017086,0.12698186376106005,0.11688503137805131,0.2281457522296605,0.07391607877359235,0.10413512602775415,0.15906510343079056,0.11647247754014964,0.07439856685894156
ZJ017089,0.19367430090895602,0.08795530047184076,0.24295513824309517,0.06395154154320001,0.1030076176895632,0.08860821944959285,0.08877205166248776,0.13107583003126433
ZJ017092,0.12750142508361004,0.07169591463845307,0.2592458754937476,0.10666552178991319,0.09963103957316093,0.12321896792791837,0.0736283766948089,0.13841287879838782
ZJ017094,0.11183371147554941,0.07444221246172786,0.24473624772108563,0.1569899066105467,0.080873830997462,0.12317261671625883,0.07265941278436264,0.13529206123300702
ZJ017095,0.19322807609877798,0.12028518069822695,0.21800052945801415,0.055750103156143246,0.0990120762243811,0.09332220583004763,0.139849384597467,0.08055244393694186
